关于你的歌
03 11  77    12 | 34   32   23 31 | 03 11  21   23 |
写 一首 歌里  满满 的爱, 我唱 的 歌   就 写给 你一 个人。

03 11   77  12 | 34  32   23  31 |
你 让我 知道 原来 情歌 所以 动  人，

01 11 21 22 | 34 51 | 6 6 54 34 |
因为有爱进行着。关于你的歌写着后来我

5 35 56 | 6 1 5 35 56 | 3 34 51 |
们，一遍遍唱着未来更多可能。关于你的

6 6 73 23 | 1 1 17 65 | 66 65 5 6 56 |
歌 写你单纯天真，看着你静静那种眼神就会让我

66 55 54 34 | 04 31 77 12 | 34 32 03 21 |
好心疼爱在沸腾。我们可以漫步在每个清晨黄昏，

01 11 21 23 | 06 61 77 12 |
我们可以爱得深。最希望让你快乐，

34 52 21 11 | 03 11 21 2 12 |
拥抱你的灵魂，一个我爱的女人。

05 55 54 32 | 12 21 |
唱遍了无数的动人情歌，

05 55 54 32 32 | 66 56 7 |
听得到爱你的责任，只要我们就

77 32 23 | 66 65 66 55 |
相信了缘分，爱会永远的发生。

